02711364
42546191
65003277
53900425
46840260
42672817
62270481
52108248
52985950
45314708
19590592
59726678
19321294
36320565
48494441
28187668
96108269
86713579
71284526
47402665
82565645
33291361
16861177
71082445
71109974
26579019
20795304
76827514
48074292
91669330
74922491
85444985
58344608
13582761
89523757
42950368
84924611
15489926
58164380
91374741
77732940
21796980
81538172
60736852
00325387
82169104
00652980
97037245
57511595
01448512
53175789
89334918
47786203
64234401
23869223
75635466
85869218
26598112
83150960
55832698
52675883
02037509
27152046
38840880
51168902
20079339
68788400
58326633
32783746
23144622
56929639
23224243
50436498
80344620
98136898
88737560
85778185
03353142
11320133
45066352
77052061
07103228
48868822
31209314
88470787
65587940
28186494
58408394
44647119
89315461
92642512
80832076
19250631
01858398
06728905
63741174
93481799
90849050
23380705
00105446
61704244
49479616
36511762
17336709
53648757
42075537
71938353
59713741
05213856
82540101
40795863
38639250
03528743
63527287
48213524
89346088
46496315
74100629
12555275
20818870
75161829
14297921
30719911
31964600
26803262
06673569
00949414
68414880
40121707
43206054
45281966
50682576
37384321
59399930
04212842
66672234
74834669
80935154
47551823
10602692
46987537
35866101
19043431
18267899
70970649
98298530
42489468
34627937
19694587
36034589
27740160
67970776
00131500
45166004
70834572
95908812
07877219
30786536
83942268
48996941
20961031
05551926
62529765
69944434
16851291
78444245
69426645
03789784
43730952
08729641
11923045
77545643
06382581
11062328
84911957
90694424
41856020
18585601
35127320
35625964
73990307
65991613
71087051
77334341
52362389
96964543
66550652
93442592
97091880
21627575
25463378
39820114
47032314
22357600
10145576
24335032
75796426
27131897
31926599
40684002
01608009
40380992
19153195
71688626
47056179
09974050
34235925
01507988
12347591
93456538
93799526
66119107
08916555
55493956
02949420
19552106
27963608
18202116
95289446
65110305
74204727
72931713
39720513
30453279
20903088
97156772
76585512
78771836
56130166
18229244
93064239
09395537
91793248
55361079
26159373
67949016
43942211
18245514
14762353
59845519
20806625
43989170
06262171
88087305
71300706
83531935
31511324
33377060
07345434
92382045
68485935
00924982
78698090
25601794
26242409
57303682
11767261
35086385
24395862
65632331
77231067
40396904
10146299
66788711
28300030
11049096
11652679
00498098
35340146
59405517
04263957
26808145
22923801
54870714
42394875
47063787
57088422
09886373
49291112
60418037
31452678
35500671
08028954
04370913
04574624
27833159
72887830
07935827
36200996
77663764
85017077
38893736
59755616
99347635
21306247
85669813
74811101
46674038
60842453
45263383
81520021
56110498
64504911
06413599
20856496
09248134
10818362
49830884
58130324
94483924
08139969
56687228
77886581
88232135
72568026
33140891
09672525
36318920
55924352
83614894
30768868
23290252
69071719
84004421
74362499
37261983
66667873
11552718
07215950
21316446
69871545
52416154
35304338
50816768
89552168
33826262
33991537
00263707
78938699
21959293
10846768
07250948
21414543
69556773
31893301
72066639
63961615
63987711
20040363
30379096
65629016
05806618
98113000
11961844
93484124
95731347
64210126
93388925
31159341
25913204
38143916
38289917
09652719
40250798
36164309
94744322
67886235
65031710
01892653
05555102
24549037
58021967
46886809
86118419
59220158
11114834
37238944
49893242
84395479
73345870
82694851
65481856
29317668
75164432
53301729
23446736
54346136
39824818
07087582
18572090
21389063
03018705
46968969
08302069
31164909
32976288
49412779
20250957
01072125
51094887
28074155
93006808
72177471
86202214
79743750
27959000
15434894
97548058
28676598
72112715
72117490
54375929
06402275
32308275
98626650
80199475
69205176
27329467
10810325
90431888
09356700
40404291
22327637
28412283
28026711
01399793
42655382
83240069
22300780
92913675
34090707
25102159
14842470
71997555
93540247
29073946
80171549
46973339
39261536
28501189
32807301
49940638
50030950
48883692
07436206
91620381
44852372
97560915
17944654
41677339
06047330
78422167
65367185
41454951
39413451
68060589
58626187
85055635
93362755
77873137
86733981
61758833
96138503
21343361
59029798
66324966
43393495
67718920
49466250
97666714
79243844
86730030
19170955
14198868
37610236
27623276
75975856
82342852
35437822
90339948
69740213
12190405
77635983
52460571
92918699
33771716
44318765
42921587
91579001
82787269
45987019
94803081
73509192
10625162
03047391
57875204
39266491
29241933
83555252
60567334
50459894
82591042
82098231
85591989
23239229
43107888
85789807
94624041
01552937
15067080
82523790
91909950
98819307
67673435
98493746
67009555
01020298
03713678
01388642
51797955
17883513
08297557
23545502
09968117
89841145
94922771
07367991
84405957
11954108
27880394
79781744
14212035
49714246
65868079
59956940
19948795
58671402
70661794
59848240
47163830
84785540
21913393
47255284
22401731
99618644
74404672
29466723
11561547
99842874
53545058
60982512
73901738
38025798
24798161
87524923
79630412
43068874
84381910
77843490
33036258
31657031
86189663
27087965
30308644
40711525
02187760
95632306
70581246
69094276
14385006
47091880
89288515
98536526
67618373
24539125
95748261
64189528
47763704
55285813
93032645
73452186
07897610
10817000
22173276
29898523
77543632
17546067
53716244
94348156
46787881
04466252
33430698
62732511
56462122
56450340
44415178
11707163
13682591
56775611
88466925
53532616
95784952
82136768
23257522
44423396
83397989
57637982
56632054
05967080
69981344
94063056
18247891
34109514
50224235
25888574
08892937
14114127
84474005
26032714
16210988
81742947
35438861
65073217
78635997
07841771
05474350
41942998
58450912
25821829
07744772
20947971
19855522
43909873
34103298
77333350
87986785
56734617
64759658
33743790
35059245
51368779
30071808
81639577
35166867
96615961
57137144
79701795
37317910
40992462
65631034
83948494
22999475
36343493
10060622
92911673
69430331
08694622
12556428
32721257
95702063
20647037
88535137
24052323
97816984
22118579
62144847
45195273
67598679
15493592
06302895
69774613
33658756
40171423
98615752
60970026
22698880
14330469
64595595
01723252
34991355
96349623
22361039
13115444
53652482
56814489
17222713
63255140
58592949
38227096
77409289
35791075
80257371
87358832
74922781
62070425
20669416
05879931
76429257
74020117
75039869
27616839
39470562
14648596
97212372
97265254
54718534
07601522
76428510
21036542
36633105
82121949
74447464
68942828
09244502
76200918
16066757
84728941
52017756
52045534
50893791
45012022
32842444
13007981
12671864
93112028
56530056
55741065
07410893
85912895
33535803
96237684
28110841
38597534
74514768
02052699
18951717
77619150
56499037
46871453
99175914
78728882
41853479
32357682
52060306
22296685
22617852
26567979
30775352
31220413
11142488
58134705
22343833
44290339
39943562
03747769
31588562
35609540
37006141
18247286
30044648
24804247
56690468
03456649
60550294
68536972
66658184
46137587
18550549
37055532
28628667
38007924
79506796
33551917
68154371
41018502
85619083
84447779
90034137
72863043
60115278
29225417
97278365
16592548
73792167
83018125
76268931
04853309
92156394
13609482
30732318
62142273
74196602
54075805
15568891
95608168
10299237
66362139
15492041
94384166
74094261
11047660
34256720
99816675
32151868
24247560
94103463
01511641
90429378
14815105
14659777
36709496
69793963
80926770
53095231
80139709
44493510
20429034
78434551
77045138
91085975
10330697
01827309
46607708
73627483
42338284
71803249
85274477
10180673
90346633
86466589
21097581
35099081
70939980
42168655
41503449
45306939
33579352
13023556
42701513
48010074
61698512
02124071
36793820
67262190
87470322
21612914
93485106
23797622
93206066
51455665
92377063
15437758
13834627
61028307
40405526
57196655
82064471
68717716
51363708
57772413
71498145
74124210
10051278
79231039
55056767
47663057
38633550
19829086
52532073
10553757
33401499
31156010
66178459
07509502
57293901
98164789
81881596
24786707
55787169
89721137
03490185
48962849
06183574
84655404
68230890
95384367
92666594
85428992
07787939
37205457
49652792
11128960
60174040
15310094
02412008
79762633
19145150
42233555
01894774
32113182
70118990
58448891
94825682
20270052
78582066
35556220
81481796
49266299
36503344
36417240
53683320
44025146
85377558
71863194
51737054
14142033
27713245
91893163
51423588
64353260
36375080
88403610
83043103
15096226
75892342
69607015
29288059
94713836
27040208
29409199
33396049
75120282
36927489
03239867
68792843
67655636
56686339
93193456
13143616
56010245
72749695
88507265
08978389
90778397
22530241
04859686
94311390
24697389
25995729
75980451
78193531
43593371
10942945
72291971
00430383
21103034
24033330
34302565
90941423
13972513
44931147
58662362
06750681
43406383
06377598
17512726
98267555
02196705
25515414
76654519
81600389
00470183
64518083
57282769
28273291
10557955
83708300
94049477
59982338
80779649
29826224
94285344
28361939
92033892
64585595
27891325
72150396
65300556
38770325
78649496
67512190
11081927
04586356
92142337
42631423
66571750
80589263
72302295
37206349
97829652
64370499
70514379
86985276
44654841
11125301
39230938
40384099
60279681
26758270
55264122
61753503
77398577
46129276
14638003
30018693
03104573
03387998
33921975
90496568
10603483
35045717
40891341
71226118
50713027
08615347
61399192
99129158
52207477
57773052
57674271
76233419
70709070
88408782
86111934
02210558
86561083
76596989
77003788
99433801
37361445
60738916
86128020
20258588
38874806
72531052
43208665
12805024
31968030
28590891
10408777
61848190
65411585
73033695
11823491
30073730
62192091
28176844
71543346
51671854
83790359
39541069
23844734
28501489
83602032
42433912
37426324
80239970
88252715
87740982
17826953
24608561
10387986
45998780
80296219
96973192
75683782
77535934
02674347
61080355
77245420
66076908
36333472
46071442
12661763
91759727
26089248
95831095
98033988
20491980
90283490
38726785
90314328
07793875
30055328
57336130
63819670
17297225
70563523
81364196
33793696
07515144
68873588
94868680
65467055
86044976
81367940
88338387
70269121
03385394
81563251
48448229
48055562
12202736
21684827
96448962
46205967
29029339
54800256
81781216
57237644
88539661
03949675
83927301
81879448
76021531
34871336
33570900
05946144
81585040
88186908
19868279
88064288
21112138
07371671
72780886
39351100
90032089
20429731
21527477
09458275
93193831
43397598
52294878
05200322
47941007
96958104
48258394
99288812
08231141
98747728
98511494
75927277
52952806
61874689
71166521
66119752
81617868
35831631
93535560
56546242
03126247
26931622
65021206
58587984
45942064
99080685
83119026
96421096
63124748
49748356
99173102
44816923
89072924
80707397
05336398
87344427
95775536
61945318
62624735
19804654
27891838
96457051
97805848
38414985
30478297
76011532
29368969
10227454
59683581
90106006
45249199
95879750
17006695
77999719
01147271
90102370
62009285
89936789
77337385
90695578
70646608
78549029
48997669
22233527
15173416
18233414
12654439
09496148
73457306
37007084
17442742
24779344
16395159
20909121
65537350
74875531
32640538
44119305
58521899
52314232
28401446
82091089
84346317
20660018
15913518
88450632
92391101
68450514
28873992
49387243
06028186
67466662
52921012
22504618
41675136
05378922
54032560
33051833
79286240
57688434
24114181
16128435
89014886
47999279
49321597
36728398
82320728
93818590
97899105
52952396
22349143
56729562
22951384
34171897
00949042
96794934
39403652
09755593
55083081
94926518
78796557
20025646
63171014
03546795
71433029
83018563
73530647
08709466
72494660
26316135
34863565
15973858
40589811
26444512
86359648
00153417
48480911
92618641
01759437
97086421
46085371
79325295
64983529
84543105
65343794
56824675
25825314
54336307
18012513
39628375
62784688
73775628
85697987
41361945
95449944
93011765
61326952
53079057
91756644
29068954
16369655
80985761
33075301
68042853
36628763
93430282
93999180
72037559
04425600
77439542
26921746
79006436
55698008
94323231
72869646
82355867
98660083
71137019
61419017
54939193
88842825
03861331
11772656
50627648
15744423
92118150
81141537
04364215
09229823
12460985
28671135
30770076
42441762
55661246
16296666
39929231
71426545
50353976
01935582
58823813
51565618
98336491
33413532
12374888
15204732
52613982
91532750
25733638
29138361
27246130
85929672
78634630
49950938
89587218
12443805
12149235
04424592
61072988
92253344
85851347
89055846
52224715
88108691
76026954
85066590
04617487
17359773
24931048
31165653
99882925
24115911
62958197
64525701
54782504
56298474
45300723
09609568
09370131
45668549
32326806
51816734
91780799
11575761
83306194
02581642
98879230
60561330
20948737
95085636
00664808
02774816
77226845
29747267
42103309
21433359
72710232
36719249
30540259
15985548
69420174
52176950
38516568
88162254
83990236
32899790
65555467
24569019
57223215
96205320
23556903
77094856
98154847
70700539
86334107
73827754
48434857
42566289
56692656
32792389
86428358
54703258
58749227
97569641
48390668
34653356
72011683
24015561
22278328
73944550
26677980
67570017
56465166
04499510
99952948
09429765
62986833
90654783
78711435
96345823
78982779
24979204
02004419
03363116
87568201
74940354
56082743
36636532
34300750
88662849
15337561
03657395
60091634
54500367
11602985
54754030
41827606
99494827
18059278
17441271
29995577
10618680
25148387
72185454
32013060
70928555
02953904
29087305
68644002
61300132
67180532
59545103
94889068
08565344
89674701
30580034
47671050
97600284
86681552
15361368
23265828
57339824
86101579
83864150
15477126
88546661
47463737
58773686
16721039
92831880
78386589
75635943
97670706
07572029
36729521
98495886
84288929
66969381
43995557
18483335
31253687
26135901
57361211
23987765
88724030
79618574
73997658
67424797
92814565
03249693
96509194
81560874
12088244
90447402
22293143
56723967
23167477
02176531
59912682
28877210
95292977
73494666
43837422
05657673
80739328
09230716
75542827
33129250
50802160
24892582
91901475
52559203
24572711
09944603
75728801
31940196
62194607
75531390
33272491
57906938
68985811
52729203
09620617
55166403
75570207
37257413
91724336
67561621
04081686
31375300
73473322
29532367
29470785
07999982
92640054
87083836
59221991
61076258
94349507
63457626
02429140
59414812
47294771
74828901
55475855
43772312
22864428
61226544
58272298
17686184
56806059
37914052
90897113
07393918
74727533
40283077
01636948
67408969
96464687
80630756
99153404
12133620
47502611
09500164
59181268
52463835
46818020
71034339
32343708
89559652
58874967
45596876
81984318
07207683
07806823
33121636
36864549
01772214
11064191
51793285
22133519
63469132
29871470
81116989
53069434
06726475
68485539
02663586
33843420
85993611
25324085
69133098
09437942
87619889
20010892
89653410
29919134
40752459
03114166
81626807
34658395
89307887
82176144
89965280
20766856
42940876
66733519
89792230
64398047
68757836
85923562
59008186
32228677
69723917
48328021
52937419
08887701
27920372
22462046
72821857
56609730
10540124
25764418
58430810
01451045
15264075
79487320
90362765
46046039
60963125
52737869
00871139
72495525
60206801
48686266
88431738
61554320
74200638
69618862
89668052
44636693
89824821
43964126
70063541
34151210
11774202
30871704
50865255
82098331
54688811
81009554
18075685
65414511
32304574
22920868
23058049
76616094
29686236
99455552
49947578
63430231
18497401
79112454
05443006
94002701
79403127
26487300
45000360
12513079
63450574
25942928
11701464
09480058
96554841
38236961
18785955
82528979
98000104
51451387
13975937
72202040
19608414
44646575
88340663
74306987
75422266
09095897
73794188
68718677
97230393
78030132
44330009
22705263
66181781
57702414
25691517
74070242
79410537
39507752
92314189
34030018
31721609
36820040
35078844
93486882
09591529
07375972
73013779
42857991
66372677
08141718
60967754
65718836
26218201
08027060
61431578
38222777
47380753
11378964
23153579
15373314
01744007
53315942
53946138
94550909
58544509
54706309
27159093
92769197
73334369
97897705
39388862
82918719
16904615
33596363
18567000
59560613
43685046
58558040
82336421
93395369
13430967
82152723
39237931
77447269
54198350
75579142
10578884
51210338
61579016
00668197
49365331
41505032
20955640
91857980
12287198
50924028
85567339
77145371
86317323
49432015
34632671
32733688
66252431
32200238
47077761
71242380
67316233
37045627
95981044
08406184
91619781
76051472
31513438
92458005
61620693
98446982
55670137
31113016
69544669
02709296
52714579
04005982
27409191
09361220
63745615
62966892
33191048
82565505
43557824
10571667
79043862
12720488
94500130
03140295
25105732
65184191
59620823
97687402
98674432
19100324
02524320
27827817
13552284
67849715
80379121
65561542
68315950
52732305
09745716
19916475
86736492
29729622
00291855
66384303
70804516
51759991
50212369
60506219
59183157
59056821
15411918
06936454
54395232
60443889
12898375
65955307
40701456
45532496
27266798
79714460
16330720
78336666
59201654
89758467
77127152
96106931
98627791
03813412
67582766
46414388
76093819
84208413
24046041
41726804
91442203
67835441
80330841
07136750
58101498
11025738
71320460
51313431
65982582
48737305
39617486
29670751
40623660
87028463
42002250
14586638
25616103
05593712
22925797
25727662
72552762
43827404
89704303
00412775
69863891
06459956
90902115
47641297
30352646
42811965
92290460
76771757
21672196
47387640
78475387
08529476
70912580
50807981
76212549
66563233
76390418
46961233
92936776
97689179
76943728
44848091
15478856
34635227
83705917
25568367
96338472
63451852
14117919
72178534
64392101
59611022
24566775
20651667
10255399
67925272
09915819
11404222
46790934
19726770
47730529
90033971
75979953
87308559
46062752
29373356
42883134
20417792
33241003
53209945
64888612
49648012
75109027
66366590
56884516
08956839
36574627
22818862
43551632
94292594
45681998
81695904
75555701
19548729
11416080
45284000
22850156
44235683
32523633
54998252
20789668
79913988
51983207
21601633
12565596
74181216
12292073
16593911
26441317
32027704
30885430
49184844
82046838
32358618
21462268
94346887
81231726
35985728
61041031
57242075
78350325
05460077
38667183
88875901
16821077
95528075
63287983
18101337
37336655
96783916
50754357
26283757
46880184
32969503
46949586
53138422
96980878
66116146
18649056
50006484
20780408
45343418
57730608
54705499
11505375
76606380
27633410
99337939
38671833
03176321
36820536
96871530
17106427
14021874
13039565
17131361
30866244
03593159
09896508
61353555
22492012
24516022
60463067
97940553
54486657
90801220
54933452
18624263
14764860
23077068
77128001
55741221
76615097
27511785
82777512
99254887
55110761
56991529
91342831
76876582
19229373
43825179
67122619
98657815
31755273
88570752
96971117
51908728
24731866
79549592
11564109
80084026
85390391
95141499
12375673
64329266
06387712
53879848
87893483
66606034
39578517
22843156
84840071
20817537
23748639
53638626
46157386
24072468
47660812
18150563
00606544
95857941
11508397
12951075
63834086
19046901
98507294
28389275
60775686
08111353
13740648
14893350
39848201
78832293
86496243
66421464
95601313
99340373
79440697
80346716
97211940
87317337
34698880
21318948
24813979
89412638
55232860
36635431
02500794
97274645
13774182
63512771
73185596
65241653
09724995
68436856
82891455
05759404
08776996
05597059
04806770
96413764
35715028
48301331
88059641
73630551
11139424
67037201
77891464
90859753
98714780
98196892
33528833
71110742
93454692
61805232
01157699
70381841
97009259
50887143
62623459
58916368
46734863
37110955
73635014
53102786
67611747
80401551
00157952
99584066
78942966
81150611
52783872
99456695
73325943
76246854
44035482
93673642
93386776
85445795
29213320
69754440
49417240
83126849
20599895
55434074
26484273
47061347
02670015
16563261
38681473
96384035
65694065
38320868
18595894
77661782
94457290
08082585
96529981
54585346
88757150
80771978
00731376
14918046
74732616
12067468
32646548
12211969
64956085
19506878
42672915
58805420
10707243
14633125
02727100
01236774
36490041
10001100
05453918
51177384
00256018
38351280
53075371
64298370
36526764
58557978
15378599
77675482
60037674
77832253
35548108
80559799
60822574
33072651
94502095
83238058
48765648
20796782
25544130
59013924
56925325
23180870
42572163
63282302
07021108
07548151
36831344
98604027
28323594
46118453
89869100
10980594
96442837
69263831
59408302
57406523
65336947
36650238
68043747
68830615
86110223
45338084
33384093
71744152
01922330
78650192
72276407
21965234
88847527
17059545
94658535
73416930
09289174
27538757
99432615
39607809
33619633
55293402
11780633
49774372
90408424
73739582
54700881
18795869
89534140
09778328
89667877
38559522
54882072
34187241
65960314
20055843
22073486
62817089
73024795
32064024
88321584
76992859
85018398
00318781
82306867
24561086
31385319
81807392
37565969
87066420
19834584
27151966
66424229
53400049
13941453
64694520
01884892
30705130
68266755
95702044
41762137
07198930
23001922
32191228
78565900
98203411
14531021
38612152
17964740
70805390
24194635
91953592
30827943
44709830
33032697
66795266
86367761
81563693
93553018
15772615
36471865
71786230
50651096
23506087
38902470
36009249
20614320
63598191
44283409
96302402
05871513
92512988
20178223
90474590
04532516
66729309
31320572
93166875
28269070
33974827
91543563
89965368
59743836
34727293
76789705
08456953
51176224
48821339
32830371
88444755
55949430
95896266
54838514
86246072
95220972
37889568
12827376
17907302
89591951
54668922
69788033
83349551
47157308
99294826
36045434
23066491
57382834
44491452
00361465
04491556
38975062
81517727
44057963
45296680
46291572
18261086
28044055
07563396
74825076
18160061
63151615
75170353
14792790
43114536
43968155
69471251
45245807
22768591
18538707
83759481
49349871
14572308
77478987
74635270
63479427
92056950
74725698
70770230
89433192
61879499
21529539
33215208
72926910
59438681
94012437
53521583
92708390
68760470
98634018
65170066
46079369
06946342
52502563
94103422
32315563
69319880
31877212
10577416
33061603
23437106
62581815
17142064
78859695
89323279
26318382
04493321
78005124
92050951
30589444
39825214
27987998
76625796
88040897
64912908
28175237
21519475
22093702
36733297
13792871
49762723
58249045
72218876
59787432
93686592
48065877
86393351
52900683
76951166
30881534
48817738
66402918
04851109
38272521
72638395
23438965
71844790
59459998
64900155
65478631
01432484
70886044
40170297
02587327
91927595
71383840
72164053
56082703
54241545
87730989
82512744
56594369
55205233
73839297
66559380
96086523
43764153
24378925
68193905
09799741
49067827
08216664
19458116
25753147
34575686
05873403
55653800
58466842
37710147
41610115
97622275
80474989
11428698
38420021
05547906
79675191
54242786
47857843
65657781
23855102
77009461
15808509
86997720
49652500
68610200
02319864
00220782
36079932
95460020
62640492
27160901
83588167
05932174
88414098
82120407
67919608
66467031
25561055
22317392
03338677
99696105
03212352
99198014
76237006
37894229
24392327
41054825
25783356
87295116
29428179
93513705
42122380
97318076
62181847
49173594
39405748
49646384
03980681
55233549
95830592
25744533
62449514
16175230
46885785
86401085
30978894
53280991
23418855
76011302
02618567
64272280
04164374
07936854
54004585
35664896
63764107
08444723
04992303
04322049
03205913
93884236
69157067
61114996
94201281
30150986
22338529
48399039
18374844
48314271
38890622
80423203
29658408
66588591
85389057
50690799
03817661
88781441
34464162
07220635
83622691
67360433
15282297
58137374
68463795
58292749
96723266
65417036
37253912
48708989
23196551
02390923
81911738
45388153
23766962
52270000
22838778
34880820
44375315
40112293
00829947
80861364
00319862
58943978
60355312
25020913
13102497
21849385
97479811
88273912
50322922
52836659
68919548
65580484
05277616
72358614
27708908
43096205
12698109
80318683
28439090
42544822
38002679
61260049
18745703
34119076
26493701
54566900
18014012
85664151
73476334
71967346
67831294
84364435
71826815
48302236
07700762
95136481
63967248
37741337
23230885
25852494
34684058
15609622
06944246
55467278
61861175
85669772
65211077
03506326
41236942
49207020
99302142
98464374
06018870
51684065
44965818
74552035
80000468
26759505
50848869
95199850
75828833
21852951
94679101
14331814
59865132
69793577
75754944
15184975
64328879
10871515
18307897
51042052
00953329
68288821
25483114
20679324
66693725
12519645
58493900
31613672
57930822
71399180
79835446
25165748
76629353
35830568
45522639
47509767
25828489
21048335
53991669
64862727
32518983
39864409
77026564
91471757
47382843
64515167
90516821
16766490
39825188
98695709
79541419
04972226
36223552
90406255
96779854
66750323
54129116
64728986
31435089
39556453
27628514
54874524
67787247
76935059
92558510
32417913
07760520
31819224
35114398
86551581
37846866
84363048
94842347
98055954
87468369
89098553
04240847
48788395
75997052
28983333
44413318
09581919
72685117
92565175
13717258
42509506
69881933
52856792
92437134
87013183
25614555
26649883
33347759
18549252
88951344
37986760
38344655
48365663
65929430
56057287
60387074
96106383
54607695
34185433
64021295
87547604
66714030
42369519
41102427
16912540
51360259
99915178
60818808
79293310
49597527
19277138
05076729
22174556
37182794
79816383
30873988
09783507
09138186
59877261
06120448
12750434
20762346
47807623
16932464
18677760
94692653
54190066
54025867
08641089
42298658
43664670
48936187
76829134
84506220
04972748
98276804
67865809
75934414
15532774
15844621
45317994
49199249
80788516
06911024
36609824
42869422
45583275
72180220
22324013
75501400
77530514
57613387
63092748
09263312
94736527
95969027
79391642
24267419
81455237
87712404
27877645
34646443
09413097
47358379
66779350
99356331
89667781
99840018
32246338
25763039
75811017
78015158
39940913
10258448
33198994
66766804
95866423
66379997
41495005
94552262
95079419
17334219
86707479
54438733
02464242
00472171
57741648
85098378
12483110
10773331
84946047
28854742
81383574
09769533
36461409
05643580
83314513
26839969
00866684
43054517
36870289
28231658
21826230
38436570
18292002
20366653
29462724
41980222
75734343
78975032
53672429
63709767
00577679
66259935
79275864
46617698
44389771
82012906
09229496
15621305
90398600
90301235
45612301
95503716
59414870
74623867
06580425
58459682
33031397
98278755
34763844
61842829
30349024
56892049
23069843
41170082
40154321
93648342
25454725
64375375
90538080
42357579
60149040
05918143
62645528
72198176
74953578
32123247
43740219
44940098
59901086
77248759
10147699
67617444
30373947
86241346
74397381
02977164
19683900
29247095
34282875
86204017
55607537
86922012
61673450
18655868
96090020
96348336
91596185
64560689
93720416
45934066
10994039
88678332
12566036
42998788
56853633
79093277
77438814
80806678
66393820
34595734
31790879
85723730
14794232
21150105
88181463
04070699
54765412
02207369
19337616
47088144
03209965
23699289
08429345
21074262
75397747
49214149
90694860
66941097
50275766
61959500
90096988
38902694
78472939
53794691
20475993
46429632
92789863
28767048
40368814
12561175
30221240
80574410
55381423
61482954
30068979
76289733
98996665
81959796
80985457
54110817
07498442
25590053
72077318
37432205
19294005
20903159
61385587
19890517
87855851
04941341
68334356
11819284
39946442
59329924
07904196
13860947
14270995
89044720
72487102
62981189
54405205
07689400
64229422
34813510
27005424
46788515
96576056
48692799
30844512
93792233
33255860
46779872
57548886
81225239
94821895
28596504
00102017
91605200
57194484
26946799
37973133
89886282
07757851
41224924
78601768
81243224
61885164
43876955
32556548
58397525
61266382
23408663
01334253
11884096
90400209
41855476
20898953
25407736
12559509
88160241
25510306
10594523
67035685
25041733
37082954
20936293
07286368
84994347
45858686
40156883
87713638
40866839
87781064
50012155
38835824
76990281
80748287
32674966
03238185
75113909
53044143
82337503
79845534
99231803
32356446
03257712
28865648
97005509
36359671
81619784
25119150
74876259
72214517
69281255
83195780
43985604
27851213
87080399
95247140
81552744
59588884
43844701
45167754
51644093
23632435
03694552
50489357
55722004
46847899
63852481
72986016
01951058
52818528
29026161
07860649
61174976
23357582
65489531
07365986
88587959
55720893
40092103
16537472
50681288
35934263
48019386
27889619
27804904
62356175
65618251
71348075
55723592
22696185
22481260
33593061
66463882
28006853
95923971
38745915
64216849
88158993
88989936
60217641
27436950
26860935
03971206
89003546
77478440
13268143
62219701
01208863
56351083
57432930
38494352
30783892
98798511
72823806
13709395
20873630
95786273
55772544
57971568
29933387
49341913
99735559
31382364
33710307
54200005
77661945
84833015
33876949
96545478
70953449
81999475
43385512
73485848
98956031
12661858
46686444
10870129
92150568
30742960
28654011
84351672
70301779
45029133
34746094
73931935
26527826
16429473
11449802
45573003
69989174
68709253
78175334
52589610
17286016
43634939
33437317
96766743
23615426
68806771
21736351
20246630
12303565
08696591
06219214
66102435
79181637
11051643
60184957
42968649
12761102
66839896
53633213
36226892
07732262
63903842
20070335
11731264
86785706
23493856
81375785
01776806
06077535
01315458
90414400
89326763
47031228
60129988
54258828
21529326
81668522
90052522
31070670
92958392
35621478
04743959
46064258
34404547
24905310
66932466
65033442
47779993
21668895
53706347
17772042
93901451
26525422
20589726
07582619
15460733
50661204
50278944
70464620
52307508
46823269
69853669
14364845
44707780
80244834
64906008
29125770
92240859
86505150
72882255
85202585
37658116
89239390
94630746
22567561
69488431
79304949
92977246
58461391
02534163
99902798
24388874
65146259
37524030
19801276
50524146
60666117
40887042
84101119
72444897
60473019
52017801
11568272
47014873
37582893
86137899
11791584
65119657
56725121
37083140
48719947
01717832
70393529
84818596
70913998
67186986
13625730
99676679
51459174
17500904
32373193
27456552
25963692
69947867
82274078
17769661
67722244
44553580
03291644
87449355
75172535
74224749
51541879
11884969
64443516
54640742
25732191
90669383
04338520
77468563
82188036
03359479
81873849
90602447
46909557
32482125
61521448
50865445
38527948
48407294
87900465
26614376
07688701
20703036
17893540
86000491
20719750
11214506
50749497
89549490
06114331
74669753
11081577
00479614
61400930
97247467
35001773
58903612
88161713
23873008
26259882
31285493
95607193
97566721
10965794
54065596
88985999
03864601
61037390
77121307
52115989
41725911
44463498
12643068
44096636
98797790
64756740
58738722
79579659
24751714
86914679
67313923
06960191
77200380
34446738
54196710
02040025
17107709
45228549
16933498
26323204
55938746
80644691
28560976
18982513
19935856
09601562
96521876
22679124
27527694
07285023
43680160
85509131
31495310
88234935
14396360
11191086
30407847
56070488
89812826
38632526
32671007
73323581
37224601
79645799
79729165
05391003
91014735
39869215
75749988
21424826
39350019
97677973
26823026
11411855
65026799
84764010
51246670
41086606
29180942
15854485
09371868
65056359
38207478
98351098
02575725
44232088
59330612
73029550
91883775
36613338
48905117
78390185
93588356
76060823
19985497
85085387
23942410
89937686
79666267
89192688
03168881
29012265
64698203
39032618
90565150
46742791
30912256
26955689
65237364
63682762
93255857
82012688
10992746
72809561
03270751
89783873
35770815
49237737
70813256
52929138
41774542
34703953
67284934
66589310
40652846
75546984
44738624
58582018
11027615
89536263
62221197
07707362
41265197
85353669
58576380
75902708
05734436
49171504
73468607
31478753
44630949
48345163
73749007
03429617
28351408
11808565
43736291
09622902
17349516
61668613
73668304
57582443
40427407
11786679
05359443
39471743
82697464
54295630
33067627
64424043
19313428
74868637
93058819
98509201
17795487
08607132
44058526
78639552
75689145
82224862
15359569
91919488
60086946
40485998
59960389
02988569
62321518
10075008
26274966
95074097
06014266
09785561
15362273
39693113
39788103
19460386
41461325
96224539
88394778
17307338
46890640
43916441
33925617
70342757
28759193
55055833
74451144
27446795
04759161
91978056
30509051
26499462
85129570
81104121
03055424
33175325
64688809
61263003
44968031
94847839
06863125
89616300
50779949
87243450
37440457
75685580
97503100
30998332
55751850
56063435
54177325
85111801
86493453
83525586
29864231
08707985
32232620
56128441
43768608
02102630
65716154
72075263
32077058
98192968
30952058
99651574
21336805
06563148
54374156
18572959
55209354
69142372
66748461
15021024
93174152
68001209
43045185
81983495
86028684
33955272
55334681
55463833
54956503
48898061
15151522
56245579
65921673
12061488
74260856
40316110
62093542
70862781
21567271
94251987
94181909
51239748
80198048
16463996
33443968
23657077
96048423
24986962
13448624
45874639
59929034
34889735
45203343
04380539
07200412
15656443
45421479
41927827
57615420
24797612
34630631
56178174
49243388
49748243
74157688
69821171
66580417
57212614
64079726
00445430
41884234
22434167
37509110
76642689
78269633
97255528
43480476
45228255
69124194
11447122
68185923
00618917
95863128
26981664
71390087
00205817
82250755
04745263
55980480
05456822
54605086
95662407
20086791
65625294
62939918
38431633
44188272
23624406
12112582
51325361
47170475
42242301
00517014
33247338
81714694
88311503
06110205
73976372
80390925
82641310
18653123
10607869
77088281
56839583
23256824
57140300
13263976
65460690
53494907
83759455
00552473
99977401
77022701
15865401
92248910
27790741
41966885
78083566
93315254
56517909
82505628
95736141
85970662
24686103
04376080
83794855
92497418
14711437
58192748
52037707
40103439
16222624
65901347
18851578
52346790
77311178
85553043
32701442
49082682
37407161
81721924
64795393
01025189
88029385
47543262
65536838
76958598
71198490
11419665
97547626
59552268
41741206
54164769
27266880
18171510
87174134
28301473
14705619
70580193
84483168
93930126
63213537
92211847
91326395
79985570
05332221
24659293
47733611
25858457
34075713
08544670
44205102
99426476
79695968
05571059
67022882
51480562
78137643
03509230
03432220
46381177
10884637
57799893
17727260
79848614
94448817
67648396
88296641
37256383
56303635
20218573
63574851
72621800
41783849
12265632
89160322
40088800
86249273
20989529
29397994
40974994
20985983
80576065
21240396
16868396
76426941
64050746
63133251
10767289
60497225
86296175
88748261
85199941
34480233
95602180
85932429
93016064
05607395
24194075
68049048
79005737
10890787
57792440
70583630
89795246
70316698
66736172
84224984
51469005
23569800
11109901
49574816
12474828
68069136
45580801
88733139
73579681
45416639
83348217
50134653
33729197
21579387
94170907
46727920
54097327
44517647
48007998
96574775
80124147
21570093
27302621
09966335
79704427
51879572
86195483
08009712
06020892
34816723
55552978
68662598
67149790
00966230
95697593
90396939
34265295
95140194
20984310
41498750
46780217
35681986
31283499
97735083
14696023
51003036
50668411
86005922
52177121
05941370
12651299
70650211
67556723
53505168
88739135
58808518
51065773
59177487
20470209
28788295
69502532
46919262
19453629
53473236
99284692
43667629
98260363
65168993
29103962
87608224
69848929
56894558
38473575
33806663
75833486
86816351
17495290
64723302
64865712
91205325
44282197
87665818
26936284
70086572
07135313
05250656
03831754
43110848
20683109
80586366
83105718
44869069
95213490
01402912
31930793
80188565
80913890
84211004
03904890
64737025
82125064
24098455
38256428
67221010
19102075
63753878
89702817
76390163
08717532
75602414
59712792
94439717
81843927
52807256
96012113
05542018
76258364
13897455
55919249
96085505
10113951
13971213
03206333
06149841
64305075
64175770
36877312
56160008
97258917
40442744
09596266
78453531
55841751
77852249
42413946
28015144
94702602
61290290
38839563
61607399
65464749
69358249
19484495
96754299
10137756
49452994
00799339
18111474
61840909
94160219
45376514
29068672
09176431
15976322
69157355
36484834
43702005
63321457
47159721
30234602
84950831
76562776
08998950
49396175
34712590
63612741
53539027
22331996
29360825
54386541
93322969
03487853
72407051
06919784
40798197
84548647
33551813
35214867
37807327
47836735
96131687
77160961
19094096
80443546
42354778
94343799
54199569
90214956
86766258
89453337
07421165
03041243
40721832
00586499
57269250
19058764
47554840
91151926
50264093
10675719
90083705
74618177
59646491
54760789
03844514
30886696
86232502
93528722
00780810
14680180
04895837
98217203
22002402
62152093
10004805
05207302
90985537
98174158
25099548
00797614
56600306
69761495
87052856
41836443
73700346
40242249
73198670
53073124
47504430
22780923
82182235
29617934
15382630
95503746
85746703
15524608
74767479
70007082
04477312
05963569
20703534
69222726
72556096
81001995
66704719
85069013
42722575
28034254
35823864
62088343
63671894
97420131
59540730
54120648
71826722
37325792
04835960
61805604
56340537
80222772
13757250
82547447
71710063
00902220
32769541
92849160
83096099
01984558
83135305
30655757
17609010
41172569
34922009
57206177
96479708
86433431
64586788
18617378
35972417
54288526
47674536
52411182
08779788
49084157
95076949
36702924
30152319
19485528
59002806
56107849
05134651
68320292
84236831
55816329
04866305
37112878
31075805
39119376
74512856
13690371
26023733
49066818
83273803
00934021
98273116
92216025
04122404
59788583
49209438
20422783
84226690
72602700
18083023
92975395
67694614
10286143
28409137
80972087
20476753
02222626
10689010
97295695
63906992
82495308
58262443
99057632
35748233
39901225
46993764
75925642
27061615
81099561
85174665
82630905
21955020
92817086
48729275
64131994
12974716
22790565
91040346
45907413
46268049
47348212
24026509
64897964
59394941
70189110
47160053
56681096
81468056
50987876
13962713
46685299
94195992
53825821
15809093
68993123
89876715
52254698
46552154
05987553
37923665
99259046
93308609
30704277
47206812
50309433
05336372
10830495
71274479
52547935
55002554
10908212
18887567
40145307
57150252
29184721
68148781
71776679
43825868
76396296
47824575
03280467
50123692
88054162
55730932
32730849
40389937
80398133
23869252
11377881
06820752
91911949
53678417
58345819
67511461
89366120
57386258
19117113
28012055
87328398
19195905
30397676
57527848
91968719
00459121
88700579
98414235
19536174
26633059
26378691
54237492
39078041
85928774
23112427
68677143
12993789
21922513
33261396
61817884
39650605
21697029
00842766
14544406
10852041
05393499
86602434
42868742
24619700
73750304
08853342
04000274
66075685
88376964
13628603
45176100
08619599
15747890
96407031
88854240
13479771
12043022
06921863
01861920
73018467
32775880
47881356
58962649
16925125
56623210
46241584
27842801
07784788
39808806
48704439
48228257
24432008
73525413
88251671
36418179
92771444
74599614
43630881
74668630
91428906
36626835
98193620
84766669
60832490
17416457
31121999
06436181
96648259
98175019
21852634
83003988
51017988
10445856
10916520
42288062
03274705
70173572
25267266
90014832
12033310
05767731
32363461
21519695
57377754
56264591
52104895
64365364
55541861
73427405
77008570
34790578
00294443
31344094
39100953
72933310
70056683
84451526
36484127
83831731
70467770
82619038
57251751
83772431
39509914
55863069
06603875
93720147
65174370
88686039
77936445
04112768
13940433
55162147
21607287
59370168
50521686
85627518
04806261
83248896
47038838
65531842
26070594
05307566
40649426
48086456
46050115
68626766
66187828
73613777
00417717
25416271
26327192
75895334
17450237
96381047
20507447
09864961
66491691
05638234
19121011
80678488
31517815
78461757
17924986
82975067
30171598
21570501
34213883
11575301
39568325
23867258
50037676
00484149
84089009
29849515
57273540
43072460
95564316
59567103
90616034
69282322
54700610
93174956
89193098
00514270
81756715
66354802
55239030
96683584
07286472
30827487
72106809
91556763
41992069
80642802
58971277
63562450
90340357
54555429
55865140
27220029
21408971
37741134
71919942
11653875
28225090
44899028
90695269
63007630
66955842
30876373
92742507
15243947
61225883
00204781
17709420
74837233
64016468
81076940
67280705
35518143
82847404
69402409
32628474
30010426
60595391
12230512
28266617
85979081
29058717
71928221
86983132
57597742
95951902
71288278
10665393
47689081
86583857
25433097
01972286
36530160
74204458
87226254
32697174
01844397
75638366
58302315
30415970
71845528
27289578
68950692
63448995
07311671
65310739
75902973
34066823
50476480
20365751
29475226
85457825
47305374
66373425
19047192
75251088
16490812
88618278
77194353
31775675
06852773
90205583
20979931
19586913
36713686
14126703
59634457
11312280
95375327
41478314
88914264
82813442
44092373
10499517
39767676
16444914
72618502
89329223
72098862
05038634
81924583
00855095
88662793
11257777
08284858
62495032
95899276
67371567
30792774
20986479
43018303
71246883
02263193
30890750
65853909
67810070
05402937
60573705
31952003
81647474
14283080
19624580
36764226
73856081
19409900
89699313
09459700
71156827
87275408
93101159
29809109
29424890
96974923
67917980
10478704
20891434
57839588
52425439
05106378
20490438
94162713
91447495
20010387
47441808
56334004
93327260
68781154
11447206
12369063
97178500
95689377
32213435
96574947
80400116
22794226
58536958
13006213
11257717
22349303
94088904
32271291
36661680
61775307
93505923
04689532
76221154
82786398
57578475
34140836
04486265
09510076
01016579
56584947
00033435
76866357
66712226
94612084
08324579
61886989
56947291
96272652
53840492
49829755
99789177
02356132
94537819
04976984
41480461
34891146
17645152
00767029
84826493
84066285
81191960
69687440
07966820
14906253
56383084
14086561
24572033
24853623
09890923
12872178
64301998
56803069
06744383
12845900
76549241
56030036
75960489
96470772
51444863
51101925
77847749
14110163
31528848
43558332
54998452
64481646
27887647
06833755
84462386
13102870
23349352
11909626
33421303
84602003
64462321
76938732
03684083
12682018
73033622
62467853
23647741
03224383
12066902
37713330
29656433
60345499
62502004
74283498
96255079
07329133
85887333
26312923
35090692
19755548
99934120
45739458
13311017
04977918
18121463
34393137
52900704
44549499
08941099
99796225
35678284
77560047
60200594
36217655
73652708
59306020
68293734
96345684
24885167
97018510
68343213
21590930
71407273
76408418
35460395
57975169
66017399
94302861
46652049
78898687
67167050
92033372
22180239
28824499
47882983
70489004
92640643
94138175
26452748
10302458
77919463
65701449
76223436
91667011
13933353
24662302
94259717
37839087
49713690
39962277
47264596
05339388
50728640
31322159
20504628
31013498
82908571
91522560
77297986
32337743
16544950
39821244
11756347
23928263
41312591
36548709
38717805
01326601
99381900
22534749
79528878
45245446
16782687
99917099
43340997
44844028
41265777
73241978
41339024
99155015
71862085
28871037
71270223
07465916
42220380
72516702
18624916
65398445
28752683
84134068
26272442
93300683
09702660
98139517
68181472
04771327
34767628
80711555
41728145
42566871
00293027
16275288
23569241
84282769
45018327
41984674
88950136
81371707
85720478
10255497
08304858
52511219
95817761
03400293
43608134
86409740
52959794
58521416
14467264
20961616
08149664
39489009
73847606
34138686
94492635
06462993
94988475
24164739
80152878
61181261
53241890
90806394
42262697
54261860
04608412
27506653
71241887
31419780
59129977
77624413
35710242
59521133
09287111
62877656
33023560
15254393
14201290
18982510
79415650
25239264
91353053
55813550
33760184
52948852
81497643
37573690
16344968
18072757
83016881
80602598
43356874
17385036
52705337
67910208
28677526
30681840
18449724
35514006
32693903
90238776
35125776
60925493
29124155
65694755
33409063
74140635
61043302
39377692
16432320
36681636
44892311
96154576
78877008
10287803
86824966
59436601
56388970
64300125
90637233
23873552
63039698
10231108
43884195
35812050
91561990
30555778
34493003
98812503
64825102
92372106
14272524
50948545
24567408
53862149
02956186
34943180
90600481
70494046
47808865
03177373
71753251
42673349
49122891
36713092
78840955
36718398
71499328
24380637
81130078
90610538
34592061
93135347
54385780
64879046
35622180
06847906
42175558
24976553
55022447
02140814
23898634
38898211
73630359
88869741
71408732
79543412
35159408
38374265
98025163
95836700
02620583
90285994
61963763
99187120
59236677
13208607
48728391
39005597
62253901
68053979
52389504
84894448
43614128
18925669
15199573